14096495
14096725
14096951
14097403
14097472
14098064
14098209
14099142
14099162
14099359
14100053
14100116
14100236
14100429
14100531
14100708
14100720
14101015
14101265
14101537
14101785
14102223
14102692
14102761
14103150
14104144
14104516
14104813
14104903
14105153
14105547
14105993
14106254
14106317
14106691
14106771
14106786
14106829
14106943
14107710
14107910
14108203
14108599
14109103
14109626
14109735
14110158
14110761
14110924
14111824
14112076
14112206
14112772
14113622
14114081
14114205
14114218
14114716
14114764
14114812
14115013
14115408
14115607
14116196
14116360
14116946
14116952
14118000
14118268
14118316
14118647
14118816
14119225
14119310
14119515
14120162
14120712
14120910
14121255
14121706
14121866
14122050
14122071
14122638
14122799
14122816
14123323
14123470
14123799
14123878
14124116
14124556
14125631
14125928
14126487
14126524
14126572
14126668
14127081
14127331
14127736
14128276
14128648
14129111
14129292
14129612
14129742
14129791
14129896
14129986
14130107
14130272
14130548
14130704
14130922
14131335
14131495
14131654
14131782
14132137
14132285
14132877
14133222
14133663
14133905
14134451
14134628
14134973
14134976
14135169
14135259
14135330
14135400
14135503
14135562
14135856
14136327
14136333
14136408
14136502
14136827
14138442
14138444
14138927
14139127
14139346
14139442
14139638
14139683
14139733
14139829
14140326
14140342
14141452
14141467
14142043
14142063
14142069
14142141
14142270
14142932
14143565
14143886
14144590
14144720
14145365
14145428
14145635
14147427
14147475
14147530
14148017
14149204
14149251
14149915
14150182
14150402
14151365
14152286
14152934
14153004
14153544
14153608
14154142
14154302
14154832
14154844
14155152
14155176
14155240
14155390
14155684
14156026
14156814
14157179
14157612
14157617
14157644
14157812
14158336
14158473
14158507
14158789
14159188
14159414
14159566
14159806
14160199
14160215
14160402
14160532
14160718
14160750
14161116
14161292
14161395
14161645
14161944
14162298
14162506
14162518
14162835
14163105
14163437
14163732
14163850
14163917
14164068
14164517
14165066
14165219
14165472
14165654
14165821
14166269
14166329
14166880
14166942
14168104
14168653
14169008
14169019
14169141
14169370
14170143
14170713
14171030
14171348
14171438
14171892
14172401
14172412
14172547
14172568
14172619
14172824
14172827
14172919
14173212
14173233
14173383
14174090
14174274
14174625
14174867
14174902
14175024
14175357
14175412
14175460
14175483
14175685
14175995
14176020
14176064
14176137
14176321
14177340
14177994
14178680
14178881
14178980
14179101
14179233
14180259
14181686
14181763
14182412
14182704
14182902
14183767
14183963
14184219
14184294
14184625
14185171
14185201
14185809
14185970
14186198
14186462
14186657
14186836
14187112
14187276
14187667
14187954
14188209
14188682
14188766
14188839
14189032
14189072
14189600
14189921
14190313
14190556
14190628
14190672
14191624
14191876
14192019
14192063
14192191
14192572
14192777
14193220
14193461
14193662
14194036
14194398
14194456
14194615
14194796
14194804
14194947
14195071
14195287
14195537
14195814
14195929
14196408
14196476
14196519
14196974
14197339
14197703
14197949
14198159
14198246
14198780
14198899
14199018
14200184
14200236
14200452
14201106
14201319
14201634
14201643
14201648
14201775
14201879
14201983
14202027
14202311
14202528
14202740
14202833
14202959
14203612
14203815
14204004
14204032
14204397
14204584
14204883
14204980
14205211
14205743
14205754
14205892
14206293
14207035
14207214
14207547
14207611
14208108
14208477
14208521
14208613
14208752
14208927
14209042
14209043
14209063
14209169
14209307
14209570
14209611
14209809
14210980
14211220
14211457
14211496
14211598
14212143
14212433
14212916
14213003
14213340
14213422
14213631
14213824
14214009
14214137
14215032
14215406
14215618
14217245
14217411
14217491
14217518
14217636
14217976
14218209
14218804
14218840
14219071
14219101
14219737
14219759
14219862
14219954
14220292
14220621
14220792
14221458
14221617
14222266
14222413
14222473
14222748
14223219
14223453
14223812
14224109
14224126
14224262
14224755
14224879
14225291
14225559
14225874
14225902
14226136
14226472
14226541
14226622
14226691
14226768
14227079
14227640
14227811
14228380
14229118
14230131
14230276
14231280
14231987
14232197
14232233
14232333
14232695
14233032
14233454
14233515
14233849
14234158
14234502
14234676
14235088
14235407
14235413
14236029
14236259
14236949
14237482
14237741
14238805
14241055
14241278
14241544
14241594
14241789
14241944
14242356
14242739
14243039
14243203
14243384
14243587
14243657
14243991
14245011
14245533
14245832
14246036
14246375
14247234
14247238
14247731
14248047
14248775
14248825
14248932
14249418
14249540
14249635
14249918
14249995
14250114
14250629
14250753
14251390
14251788
14252107
14252249
14252347
14253449
14253708
14253877
14254328
14255381
14255488
14255493
14255557
14256271
14256623
14257197
14257368
14257465
14257627
14258016
14258201
14258745
14258851
14258861
14258947
14258951
14259711
14259928
14260150
14260568
14260734
14261347
14261354
14262659
14263132
14263271
14263439
14263639
14264310
14265316
14265697
14265706
14266578
14266684
14266998
14267486
14267621
14267646
14267768
14268253
14268415
14268448
14268712
14269618
14269918
14270852
14270863
14271155
14271486
14271617
14271730
14272120
14272172
14272455
14273157
14273487
14273886
14273923
14274589
14274832
14274871
14274976
14275219
14275583
14275695
14276289
14276514
14276598
14277149
14277318
14277828
14277891
14278290
14278312
14278320
14278640
14278810
14278991
14280213
14280308
14280320
14280570
14280660
14281791
14282456
14282561
14282697
14283026
14283389
14283396
14283987
14284072
14284246
14284254
14284307
14284378
14284975
14285944
14286193
14286245
14286735
14287204
14287378
14287692
14288221
14288912
14289491
14289755
14290455
14290852
14291453
14291974
14292060
14292071
14292434
14292497
14292870
14293641
14293886
14294085
14294312
14294360
14294545
14294574
14294933
14294949
14295341
14295384
14295506
14295738
14296211
14296750
14296788
14296933
14297365
14297990
14298140
14298396
14298450
14298486
14298636
14299496
14299565
14299896
14299959
14300201
14300277
14300449
14300882
14301149
14302217
14302292
14302796
14303394
14303568
14303691
14304036
14304124
14304175
14304188
14304450
14304596
14304619
14304739
14305506
14305880
14306266
14306295
14306693
14307325
14308148
14308363
14308701
14309221
14309449
14309461
14309631
14309837
14309966
14309980
14310012
14310437
14311582
14311628
14311704
14312900
14313528
14314281
14314651
14314669
14314898
14314933
14315060
14315066
14315139
14315154
14316189
14316372
14316948
14317259
14317352
14317611
14317742
14318014
14318124
14318293
14318779
14318984
14318991
14319052
14319314
14319349
14319544
14319760
14319825
14319896
14320313
14320990
14321182
14321639
14321812
14322390
14323067
14323068
14324260
14324514
14324635
14324959
14325146
14325157
14325641
14326625
14326658
14327131
14327762
14328292
14328615
14328750
14329396
14329625
14330019
14330090
14330185
14331000
14331695
14331930
14331940
14332031
14332153
14332252
14332462
14332888
14332980
14332994
14333026
14333838
14333997
14334039
14334620
14334655
14334951
14335110
14335636
14335681
14336128
14336930
14337030
14337398
14337486
14337837
14338306
14338480
14338525
14338672
14338765
14338839
14339152
14339224
14339234
14339632
14339667
14339739
14340361
14340406
14340709
14341218
14342041
14342097
14342243
14342396
14343134
14343243
14343551
14343585
14343961
14344207
14344526
14345426
14345519
14346004
14346122
14346755
14347146
14347343
14347363
14347783
14347911
14348747
14348789
14348887
14351435
14352188
14353346
14353367
14353879
14354125
14354131
14354219
14354976
14355153
14355518
14355699
14356150
14356236
14356580
14356859
14356929
14356958
14357101
14357383
14357846
14358349
14359036
14359037
14359175
14359276
14359424
14359676
14361197
14361343
14361781
14361947
14362812
14363174
14363934
14364003
14364296
14366012
14366352
14366516
14366792
14366924
14366945
14367327
14367330
14367358
14367527
14367574
14367648
14368256
14368284
14368374
14369148
14369171
14369202
14370312
14370335
14371354
14371482
14371972
14373135
14373423
14373732
14373765
14373891
14374196
14374729
14375084
14375140
14375219
14375723
14375854
14375949
14375980
14376475
14376775
14377127
14377262
14377617
14377804
14378466
14378681
14378821
14379314
14379318
14379463
14379603
14379759
14379858
14380405
14381205
14381548
14381825
14381880
14382012
14382128
14382304
14383787
14383809
14383849
14383967
14383983
14384228
14384412
14384559
14384915
14384937
14385512
14385718
14385876
14386222
14387182
14387918
14388178
14388309
14388363
14388480
14389734
14389751
14389802
14390324
14390342
14390967
14391049
14391058
14391871
14392332
14392733
14392977
14392980
14393073
14393185
14393716
14393809
14394857
14395087
14395168
14395289
14395291
14395398
14395490
14396050
14396487
14396517
14396601
14396796
14397159
14397163
14397240
14397674
14397869
14398086
14398174
14398466
14398650
14398827
14399031
14399518
14399522
14399533
14401179
14401267
14401294
14401657
14401838
14401920
14402287
14402361
14402463
14402501
14403092
14403414
14403548
14403621
14403805
14404059
14404276
14405244
14405328
14405644
14405835
14406130
14406329
14406486
14406751
14407034
14407216
14407231
14407306
14407950
14408406
14408602
14408914
14408920
14409003
14409557
14409838
14410044
14410131
14410161
14410315
14410327
14410608
14411379
14411387
14411486
14411600
14411608
14411737
14412055
14412093
14412433
14412436
14412609
14413667
14413750
14413965
14413986
14414423
14414981
14415408
14415545
14415607
14416147
14416152
14416641
14416751
14417711
14417822
14418986
14419438
14419564
14420182
14420581
14420715
14420958
14421013
14421243
14422160
14422215
14422783
14423109
14423173
14423683
14424191
14424383
14424923
14424942
14425008
14425050
14425328
14425470
14426779
14426879
14427501
14427737
14427804
14427950
14427959
14427977
14428059
14428115
14428483
14429107
14429490
14429855
14429897
14430205
14431075
14431467
14432015
14432423
14433248
14433681
14433989
14434757
14435305
14435944
14436997
14437310
14437327
14437774
14438196
14439109
14439177
14439286
14439852
14439944
14440004
14440194
14440196
14440328
14441294
14441407
14441483
14441914
14442101
14442806
14442807
14442998
14443565
14443654
14445138
14445234
14445282
14445341
14445543
14445627
14445992
14446974
14447770
14447845
14448460
14448706
14448812
14448900
14449170
14449513
14449746
14450052
14450230
14451096
14451322
14451449
14451659
14451725
14451863
14452343
14452679
14453006
14453029
14453047
14455462
14455541
14455801
14456275
14456591
14456622
14457379
14457422
14457599
14457652
14457687
14458103
14458466
14459280
14459411
14459777
14460065
14460328
14460735
14460805
14460868
14460882
14461098
14461134
14461319
14461580
14461656
14461773
14461777
14461902
14462073
14462662
14462944
14463336
14463521
14464265
14464523
14464646
14464819
14465520
14465569
14465747
14465839
14465871
14466149
14466174
14466267
14466452
14467097
14467362
14467388
14467464
14467743
14467894
14468055
14468086
14468310
14469401
14469662
14469794
14470034
14470681
14470969
14471130
14471208
14471789
14472340
14472586
14472783
14472993
14473267
14473860
14473917
14474295
14474298
14474354
14474564
14475135
14475886
14476489
14476752
14476816
14476946
14477339
14477510
14478268
14478554
14478702
14478905
14479309
14479357
14479814
14480008
14480271
14480377
14481326
14481414
14481525
14481701
14481777
14481901
14482395
14482598
14482752
14483125
14483151
14483236
14483544
14484449
14484545
14484574
14485260
14485594
14485866
14485947
14486326
14486661
14487066
14487234
14487698
14487745
14488611
14488621
14489126
14489186
14489362
14490871
14491134
14491244
14492258
14492528
14492738
14493294
14494556
14495657
14495712
14496638
14497017
14497195
14497223
14497333
14497855
14497922
14498074
14498216
14498382
14498419
14498527
14498659
14498703
14499123
14499535
14499844
14499969
14500301
14500550
14500679
14500689
14500886
14501170
14501296
14501589
14501640
14501699
14502048
14502194
14502402
14502452
14503138
14503439
14504412
14504477
14505000
14506199
14506672
14506930
14507233
14507824
14509766
14510420
14510620
14510817
14511576
14511767
14512251
14512870
14513366
14514195
14514260
14514295
14514532
14514556
14514559
14514772
14515192
14515646
14515785
14516029
14516219
14516437
14516869
14517191
14517427
14517579
14518669
14518885
14519207
14519595
14519722
14520158
14520314
14520945
14521338
14521539
14521547
14521617
14522201
14522221
14522266
14522718
14522960
14523978
14524632
14524657
14524968
14525359
14525627
14525796
14525910
14526038
14526654
14526784
14527397
14528076
14528232
14528489
14529168
14529283
14529493
14529890
14530233
14531179
14532172
14532625
14532936
14533530
14533787
14534216
14534431
14534646
14534701
14534910
14534987
14535275
14535683
14535834
14536377
14536889
14537299
14539257
14539328
14539442
14539472
14539622
14540039
14540093
14540564
14540794
14540801
14541289
14541647
14542486
14542610
14542629
14542891
14542944
14543095
14543269
14543442
14543562
14543987
14544055
14544195
14544677
14544980
14545059
14545267
14545440
14545500
14545683
14545771
14545844
14545947
14546180
14546208
14547109
14547291
14547314
14547729
14547921
14548034
14548175
14548953
14549102
14549184
14549456
14549662
14549756
14550255
14550925
14550959
14551033
14551437
14552122
14552615
14552743
14552758
14552966
14553115
14553176
14554088
14554664
14554890
14554898
14555708
14556505
14557880
14558328
14559396
14559559
14559984
14560729
14560829
14561422
14561719
14562473
14562630
14563148
14563359
14565060
14565484
14565587
14565799
14566291
14566422
14566549
14566652
14566667
14566866
14567430
14567705
14567798
14567912
14567932
14569104
14569356
14569457
14570025
14572169
14572287
14572545
14572649
14573195
14573439
14573631
14573822
14573994
14574043
14574390
14574586
14574770
14575072
14575972
14576516
14576813
14577050
14577441
14577801
14578302
14578432
14578788
14578794
14579329
14579441
14579882
14580049
14580448
14580550
14580700
14580846
14580931
14580958
14581666
14581754
14582906
14582928
14583213
14583305
14583385
14583673
14584827
14585264
14585505
14585852
14586612
14586620
14586692
14587496
14587847
14587999
14588320
14588390
14588471
14588924
14589454
14589735
14590164
14590319
14590706
14590981
14591038
14591452
14591649
14591874
14592192
14592546
14592747
14593046
14593192
14593572
14593839
14593882
14594102
14594221
14594975
14595097
14595188
14595213
14595677
14595878
14596406
14597385
14597675
14597876
14597980
14598947
14599075
14599319
14599444
14600025
14600049
14600699
14600901
14601020
14602194
14602342
14602673
14602877
14603145
14603202
14603553
14603800
14603986
14604071
14604140
14604601
14605017
14605264
14605355
14606206
14607196
14607536
14608578
14608819
14609025
14609293
14610153
14610254
14610398
14610436
14612149
14612270
14612393
14612670
14612757
14613076
14613352
14613442
14613818
14613870
14614180
14614285
14614295
14614861
14615386
14615496
14615584
14615728
14615794
14617209
14617261
14617929
14618742
14618908
14619833
14620018
14620126
14620185
14620518
14620668
14620772
14620953
14621204
14621756
14621870
14621963
14622300
14622509
14622516
14623103
14623752
14623897
14624592
14625724
14625969
14626229
14626724
14626935
14627404
14627437
14627627
14627769
14627906
14628000
14628458
14628502
14628612
14628634
14628831
14629449
14629826
14630342
14630404
14630845
14630930
14631258
14631521
14631556
14632174
14632258
14633066
14633086
14633341
14633587
14634018
14634020
14634038
14634171
14634524
14635559
14635581
14635606
14635808
14635929
14636186
14636369
14636575
14636682
14637073
14637389
14637677
14637748
14637825
14638404
14638534
14638911
14639137
14639769
14640058
14640103
14640412
14640444
14640959
14641385
14641981
14643474
14643811
14644570
14644622
14644860
14644944
14645518
14646298
14646413
14647087
14647608
14647635
14647910
14648597
14648627
14648818
14649291
14649528
14649636
14651242
14651366
14651369
14651803
14651996
14652061
14652539
14653562
14653708
14654378
14654540
14654737
14655302
14655408
14655557
14655689
14655881
14655901
14656260
14656386
14656616
14656669
14657059
14657278
14658397
14658544
14659231
14659902
14660879
14660909
14661059
14661137
14661188
14661473
14662583
14662618
14663391
14664128
14664670
14665475
14666004
14666452
14666583
14667560
14667779
14667820
14668479
14668509
14668535
14668561
14669163
14669608
14669786
14670100
14670105
14670354
14670516
14670928
14671122
14671277
14671735
14672163
14672372
14672389
14672550
14672876
14674714
14674749
14675484
14675809
14675841
14675875
14675928
14675934
14676229
14676248
14676566
14677223
14677439
14677939
14678335
14678735
14678831
14679033
14679387
14679425
14679445
14679837
14679879
14680611
14681827
14681916
14682167
14682228
14682904
14682955
14683811
14683897
14684108
14684534
14685035
14685365
14685537
14685919
14686292
14686902
14687108
14687781
14688614
14689335
14689371
14689422
14689668
14689814
14690125
14690278
14690906
14691647
14691733
14691734
14692175
14692751
14692887
14693025
14693181
14693855
14694447
14694735
14694996
14695453
14695602
14696226
14696371
14696838
14696903
14697174
14697407
14697420
14697775
14698020
14698433
14698739
14699178
14699705
14699893
14700119
14700439
14700526
14701362
14702032
14702165
14702295
14702525
14702932
14702969
14703055
14703271
14703693
14703992
14704272
14704719
14705561
14705747
14706074
14706142
14706249
14706347
14706372
14707182
14707550
14707633
14707790
14707889
14708128
14708278
14709396
14710194
14710366
14710455
14710598
14710917
14711288
14711521
14711604
14711874
14712038
14712385
14712453
14712500
14712562
14712834
14713730
14714924
14714933
14715356
14715629
14716416
14717813
14718540
14719166
14719608
14720256
14720587
14721991
14722498
14723089
14723395
14723968
14724417
14724708
14725201
14725224
14725596
14726565
14726997
14727090
14727222
14727546
14727742
14728474
14728818
14729159
14729528
14729950
14730174
14730192
14730231
14731405
14731715
14733079
14733183
14733555
14733781
14733845
14734051
14734724
14734944
14735171
14735521
14736658
14737174
14737541
14737972
14738075
14738137
14738312
14738732
14738907
14739303
14739492
14739928
14740100
14740165
14740486
14740811
14741152
14741560
14741733
14742069
14742152
14742201
14742246
14743937
14743952
14744208
14744228
14744746
14744887
14745403
14745523
14745653
14745988
14746169
14746681
14746785
14747223
14747321
14747475
14747825
14747932
14748591
14748688
14748698
14748963
14748999
14749092
14749229
14749386
14749451
14749661
14749822
14750649
14752448
14752693
14753636
14753805
14754062
14754333
14754383
14754985
14755368
14755910
14756286
14756336
14756868
14757137
14757623
14757754
14757975
14758223
14759137
14759286
14759755
14759844
14759855
14760165
14760219
14760339
14760857
14760958
14761035
14761080
14761323
14761521
14761576
14761874
14762189
14762195
14762358
14762621
14763792
14764232
14764345
14764939
14765105
14765608
14765667
14765731
14766099
14766354
14766434
14766773
14766795
14766854
14767577
14767695
14767821
14768037
14768055
14768196
14768735
14768874
14769063
14770039
14770672
14772127
14772234
14772524
14772594
14772855
14773031
14773038
14773452
14773908
14773961
14773995
14774143
14774575
14774994
14775026
14775755
14775784
14775949
14776355
14776964
14778010
14778013
14778338
14778340
14778671
14779401
14780143
14780207
14780797
14780911
14781422
14781802
14782480
14782578
14782777
14783159
14783758
14783836
14783953
14784656
14784773
14784862
14785692
14785774
14785863
14786010
14786432
14787157
14787392
14787439
14787573
14788305
14788403
14788586
14788794
14789389
14789392
14789596
14789857
14789961
14790313
14790420
14790796
14790828
14791000
14791246
14791249
14791555
14791961
14792257
14792654
14793146
14793218
14793273
14793333
14793355
14794613
14796535
14797004
14797237
14797298
14797368
14797845
14798071
14798227
14798317
14798915
14799175
14799307
14799315
14799784
14799902
14799943
14800023
14800604
14801051
14801306
14801546
14801670
14801696
14803045
14803318
14803590
14803713
14804184
14804334
14804680
14804994
14805228
14805555
14806330
14806884
14807376
14808745
14808958
14809482
14809667
14809741
14809915
14809930
14809990
14810188
14811033
14811844
14811925
14812093
14812360
14812871
14813445
14813974
14814071
14814443
14814492
14814684
14814777
14814799
14814951
14815065
14815136
14815463
14815818
14816027
14816175
14816413
14817035
14817182
14817202
14817281
14817497
14817536
14817659
14817720
14817898
14818134
14818271
14818424
14818486
14818571
14818681
14819469
14819668
14819684
14819796
14820401
14820922
14821803
14822418
14822720
14822766
14823010
14823083
14823405
14823425
14823816
14824058
14824113
14824123
14824196
14824317
14824472
14824806
14824844
14825106
14825539
14825632
14825744
14825856
14825994
14826113
14826431
14826441
14827334
14828748
14829487
14829554
14829631
14830136
14830247
14830292
14830566
14830939
14831952
14832203
14832913
14833227
14833284
14833705
14834873
14834978
14835278
14835762
14835831
14836015
14836348
14836358
14837016
14837305
14837315
14837567
14837588
14837836
14837925
14838127
14838347
14838534
14838625
14838846
14839326
14839592
14839713
14839832
14840323
14840763
14841747
14841851
14842060
14842076
14842331
14842333
14842896
14843068
14843146
14843604
14843789
14843807
14843955
14844522
14844567
14844772
14845035
14845485
14846114
14846185
14846513
14849952
14849969
14850065
14850076
14850168
14850173
14850956
14850990
14851754
14851884
14851944
14852404
14852444
14852683
14852765
14852890
14852899
14852932
14853238
14853310
14853410
14853837
14854213
14854531
14854643
14854979
14855322
14855510
14855898
14855908
14856030
14857104
14857386
14857576
14858005
14858565
14858716
14859098
14859368
14859391
14859600
14859631
14859758
14860498
14861198
14861462
14862356
14862372
14862425
14862687
14862927
14863289
14863460
14864063
14864168
14864700
14864919
14865009
14865564
14865660
14865751
14865905
14866430
14866494
14866737
14866994
14867040
14867253
14867281
14867290
14867658
14868349
14868537
14868679
14868806
14869143
14869566
14869598
14869967
14870288
14870594
14871290
14871330
14871419
14871615
14872391
14872811
14872834
14872933
14873046
14874392
14874929
14875189
14875428
14875718
14876287
14876844
14877146
14877357
14877392
14878042
14878475
14878849
14878934
14879134
14879371
14879426
14879720
14879882
14880472
14880484
14880696
14880800
14880829
14881473
14881588
14881606
14881687
14882203
14882990
14883077
14883116
14884059
14884304
14884501
14884849
14885156
14885315
14886046
14886180
14886439
14887139
14887703
14887884
14887951
14888192
14888460
14888811
14889104
14889238
14889709
14890269
14890523
14891437
14891621
14891624
14891747
14891839
14892152
14892396
14892788
14893400
14893724
14893860
14893995
14894125
14894216
14894761
14894829
14895158
14895843
14896110
14896239
14896340
14896371
14896501
14896554
14896723
14896726
14896733
14896768
14896949
14897104
14898637
14900131
14900527
14901060
14901748
14903583
14903687
14903806
14903928
14904360
14905065
14905193
14905282
14905361
14906707
14906783
14907407
14907667
14908437
14909112
14909183
14909274
14909341
14909701
14910127
14911077
14911127
14911173
14911806
14911829
14912287
14912860
14913106
14913758
14913912
14914303
14914498
14914516
14914655
14914905
14915887
14915899
14915999
14917254
14917264
14917533
14917580
14917900
14918054
14918421
14918624
14918838
14918902
14918955
14919019
14919239
14919906
14919960
14920211
14920639
14921294
14921330
14921379
14921671
14921763
14922087
14922185
14922753
14923851
14924193
14924285
14924555
14925279
14925443
14925833
14926559
14926768
14926803
14927288
14927452
14927521
14927603
14927997
14928317
14928473
14928586
14928717
14928932
14929680
14929743
14930352
14930402
14930795
14930932
14931100
14931481
14931596
14931788
14931829
14931874
14932200
14932296
14932476
14932502
14932908
14933768
14933846
14934103
14934372
14934448
14934502
14935263
14935394
14935606
14935763
14935914
14936120
14936137
14936290
14936467
14936537
14937180
14937200
14937415
14937805
14938387
14938568
14938651
14938802
14939387
14939433
14939706
14939901
14939952
14940339
14940522
14941719
14941902
14942248
14942357
14942623
14943290
14943816
14944488
14944684
14944959
14945060
14945664
14945998
14946008
14946438
14946441
14946483
14947361
14948039
14948730
14948995
14949209
14949223
14949322
14949336
14949372
14949382
14949418
14949428
14949517
14949627
14949781
14949954
14949981
14950005
14950039
14950377
14950694
14950977
14951088
14951651
14952116
14952311
14952712
14953079
14953143
14953633
14953689
14954168
14954657
14956858
14956911
14958579
14959298
14960222
14960992
14961342
14962336
14962480
14962577
14962867
14963365
14963569
14963740
14963969
14964225
14964534
14964833
14964866
14965152
14965375
14965521
14965629
14965942
14966155
14966688
14967335
14967338
14967769
14968077
14968492
14968942
14969212
14969320
14969600
14970513
14970589
14970807
14971071
14972162
14972288
14972337
14973452
14973527
14973615
14973901
14974205
14974292
14974836
14975262
14975521
14976049
14976052
14976330
14976404
14976433
14976665
14976995
14977438
14977967
14978029
14978444
14978658
14979052
14979328
14979380
14979647
14979944
14980262
14980307
14980382
14980625
14980668
14981007
14981087
14981094
14981316
14981484
14981584
14982342
14982635
14982781
14983390
14983551
14983577
14983619
14983674
14983953
14984736
14985177
14985191
14985652
14986038
14986173
14986221
14987066
14987526
14988214
14988745
14988918
14989615
14989723
14989783
14989786
14989895
14990619
14991573
14991722
14992798
14993032
14993149
14993362
14993394
14993854
14994939
14995110
14995507
14995597
14995711
14995751
14995892
14996601
14997104
14997765
14999391
14999961
15000143
15000404
15000537
15001513
15002248
15002262
15002363
15002660
15002683
15002763
15003052
15003159
15003211
15003868
15004452
15004593
15004954
15005895
15006132
15006135
15006416
15006726
15006888
15006954
15007178
15007360
15008078
15008239
15008598
15009505
15009904
15010671
15010692
15010764
15011403
15011498
15011533
15012116
15012693
15012810
15013466
15014080
15014466
15015141
15015179
15015370
15015585
15016173
15016580
15016734
15017197
15017220
15017308
15017318
15017660
15017746
15018206
15018958
15019257
15019307
15019642
15019723
15019879
15020679
15021496
15021618
15021858
15022088
15022438
15022693
15022935
15023433
15023492
15024942
15025179
15025209
15025221
15025457
15026823
15028043
15028337
15029235
15029393
15029415
15029606
15029665
15029949
15030597
15030715
15031002
15031288
15032011
15032906
15033128
15034140
15034809
15034911
15035224
15035883
15036117
15036327
15036445
15036758
15037548
15037561
15038444
15038617
15039392
15039552
15039625
15039833
15039869
15039941
15040793
15040937
15041021
15041300
15041313
15041332
15041340
15041389
15041672
15042006
15042357
15042555
15043370
15043481
15043866
15044417
15044585
15044726
15044985
15045198
15045243
15045633
15046283
15046635
15046685
15046796
15047108
15048232
15048281
15048319
15048391
15048404
15048773
15048914
15049030
15049153
15049674
15049749
15050077
15050251
15050476
15050489
15051889
15052051
15052087
15052235
15052971
15053202
15053802
15054035
15054179
15054190
15054773
15054929
15055010
15055052
15055248
15055624
15055737
15056253
15056729
15056843
15056978
15057580
15057614
15057685
15058072
15058259
15058432
15058482
15058718
15059146
15059186
15059340
15059571
15060096
15060104
15060322
15060448
15060995
15061149
15061763
15061919
15063017
15063021
15063122
15064561
15064925
15065415
15065683
15065951
15066317
15067022
15067179
15067443
15068031
15068058
15068211
15068762
15069594
15069671
15070104
15070125
15070126
15070151
15070878
15070902
15071116
15071158
15071560
15071622
15071668
15072108
15072520
15073446
15073797
15073978
15074191
15074309
15074431
15074625
15074837
15074903
15075203
15075259
15075297
15075354
15075884
15076014
15076272
15076413
15076763
15077224
15077278
15079042
15079047
15079156
15079301
15079715
15079783
15080203
15080379
15080492
15080526
15080529
15080530
15080557
15080747
15080881
15081473
15082536
15083073
15083621
15084086
15084302
15084761
15085032
15085126
15085335
15085659
15085771
15085814
15085930
15086136
15086181
15086608
15087263
15087722
15087756
15088158
15088282
15088372
15089616
15090113
15090453
15090563
15090615
15090620
15091321
15091339
15092217
15092600
15092609
15092782
15092850
15093165
15093973
15094175
15094242
15094253
15094559
15095138
15095322
15095835
15095934
15096351
15096486
15096558
15096591
15096697
15096963
15097723
15098324
15098394
15098559
15098564
15098656
15098939
15099109
15099124
15099311
15099548
15100426
15100500
15100783
15100834
15101062
15101175
15101820
15102155
15102493
15102540
15102925
15103314
15103808
15104280
15105295
15106324
15106438
15106978
15107542
15108273
15108391
15108641
15109101
15109413
15109714
15110297
15110322
15110534
15111127
15111231
15111377
15112111
15112439
15112559
15112796
15112857
15112943
15113231
15113243
15113913
15114262
15114768
15114888
15114902
15115439
15115784
15115956
15116334
15116547
15116803
15116870
15116887
15117008
15117392
15117658
15118398
15118420
15118530
15118806
15119428
15119590
15119785
15120408
15120513
15120715
15120929
15121233
15121407
15121646
15122199
15122633
15123063
15123297
15123386
15123481
15124117
15124163
15124405
15124571
15124584
15124834
15124904
15125154
15125285
15125785
15126565
15126593
15126720
15126887
15127056
15128009
15128269
15128611
15128937
15129015
15129039
15129666
15129906
15130592
15130925
15131533
15131582
15131879
15132282
15132303
15132726
15132878
15132937
15133345
15133509
15133981
15134045
15134160
15134359
15134857
15135254
15135559
15135918
15136209
15136951
15137527
15138212
15138477
15138738
15139251
15139401
15139948
15140538
15141285
15141593
15141748
15141913
15142407
15142960
15143043
15143241
15143448
15143760
15144021
15144249
15144338
15144735
15145061
15145162
15145867
15145959
15145970
15146022
15147099
15147492
15147810
15147962
14096698
14096956
14097153
14097225
14097858
14097864
14097901
14099422
14099764
14100403
14100786
14101700
14101727
14101741
14102311
14103239
14103412
14103427
14103443
14103679
14103846
14104590
14105136
14106244
14106260
14106372
14106595
14106688
14106899
14107106
14107278
14107279
14107442
14107974
14108159
14108249
14108373
14109276
14109393
14110967
14111422
14111466
14112319
14112492
14114589
14115597
14115864
14116093
14116433
14119732
14119956
14121059
14121206
14121578
14122365
14122768
14122776
14122906
14123209
14123565
14123749
14123886
14123989
14124055
14124186
14125022
14126263
14126948
14126964
14127134
14127752
14127891
14128103
14129112
14129713
14130189
14130410
14131012
14131467
14132118
14132568
14132795
14135336
14135527
14135567
14135798
14135821
14136091
14137314
14138376
14138402
14138955
14139534
14140210
14140516
14141026
14141195
14141524
14142383
14142633
14143727
14144090
14144112
14144232
14144612
14144888
14145265
14145586
14145648
14145792
14146192
14146211
14146230
14146247
14146580
14146960
14147768
14147928
14148883
14149563
14149702
14150015
14150756
14151395
14153036
14153345
14153895
14156059
14156137
14156957
14157318
14157418
14158104
14159740
14159824
14160385
14161187
14161263
14161272
14161911
14162558
14162581
14162748
14163291
14163372
14163466
14163825
14163944
14163966
14163979
14164392
14164501
14164584
14164901
14165092
14165390
14165830
14166179
14167391
14167412
14167477
14168107
14168430
14170156
14170798
14170832
14171283
14171568
14171600
14172085
14172262
14172352
14173822
14174719
14175029
14175624
14176098
14176401
14177472
14177759
14178645
14178850
14179485
14179510
14180643
14180742
14180789
14180861
14180907
14180945
14182228
14182806
14183070
14184414
14185650
14185728
14185749
14186239
14186279
14187606
14188068
14188773
14189228
14189262
14189282
14189461
14189641
14189808
14189909
14190280
14190961
14192323
14192798
14194264
14194304
14194426
14195180
14195247
14195675
14196006
14196284
14196820
14196842
14197098
14197099
14197149
14197378
14197633
14198470
14198490
14199351
14199474
14199663
14199760
14199804
14201222
14201391
14201432
14201469
14201602
14202246
14202442
14202582
14202654
14202921
14203138
14203439
14203790
14204167
14205555
14206607
14207813
14209107
14209399
14209590
14210003
14210235
14210928
14211731
14211778
14211919
14211920
14211999
14213099
14213616
14213967
14214206
14214973
14215424
14216355
14216704
14216897
14219213
14219799
14220954
14221634
14222219
14222839
14222909
14223723
14223852
14225480
14226285
14226996
14227681
14227966
14228433
14228973
14229074
14229858
14230470
14231374
14231886
14233085
14233575
14233696
14233714
14233967
14234257
14234619
14235354
14235862
14236168
14236746
14236767
14237426
14237831
14238620
14238699
14238937
14241283
14241701
14241863
14241996
14242293
14244197
14244747
14245702
14246758
14247463
14248216
14248787
14249134
14249353
14251438
14251837
14252328
14253019
14253121
14253256
14254017
14254599
14254832
14255410
14256682
14256684
14257072
14257352
14257410
14257836
14257885
14258704
14259165
14259438
14259508
14259573
14260328
14260850
14261242
14261506
14262423
14263287
14264198
14264397
14265326
14265877
14266736
14267325
14267526
14267528
14269165
14270297
14270321
14270560
14271232
14271447
14271902
14271957
14272537
14272597
14272607
14272756
14272842
14272944
14273229
14273795
14274245
14274467
14274919
14275732
14276166
14276381
14276470
14276755
14276772
14277004
14277220
14277368
14278018
14278258
14278634
14278781
14278982
14279104
14279453
14279972
14279987
14281091
14282218
14282946
14283240
14283429
14284261
14284530
14285007
14285111
14286484
14287501
14287830
14287889
14288589
14288668
14288934
14291825
14292463
14292709
14292932
14292942
14293052
14293291
14293838
14294630
14294711
14294712
14294829
14294850
14295260
14295358
14296042
14296159
14296767
14297678
14298277
14298282
14299741
14300001
14300054
14300404
14301154
14301180
14301983
14302001
14302067
14302180
14302207
14302679
14303630
14304489
14304804
14305035
14305741
14306734
14307647
14307900
14308266
14308401
14308527
14308956
14310331
14313289
14315943
14316500
14317845
14318103
14318191
14319064
14319335
14321132
14321212
14321315
14322345
14322554
14322944
14323139
14323458
14323494
14323653
14324291
14324947
14325343
14325351
14325474
14325598
14325639
14326004
14328864
14329064
14330079
14330929
14331027
14331081
14331239
14332079
14332138
14332330
14332916
14333596
14335410
14336083
14336850
14337703
14338311
14338327
14338407
14343393
14343452
14343825
14344009
14344412
14344431
14344638
14345450
14345834
14346055
14346568
14346797
14347230
14347918
14348103
14348298
14348329
14348387
14349101
14349200
14349792
14350544
14350974
14351825
14352241
14352291
14352352
14352543
14353216
14353342
14353771
14355197
14355598
14355861
14356308
14356979
14357298
14357871
14358506
14358978
14359626
14359760
14359804
14359852
14360090
14360580
14360645
14361330
14361961
14362710
14362885
14362972
14364674
14364865
14365097
14366289
14366330
14366448
14366515
14366614
14366655
14366777
14366930
14367334
14369534
14369965
14370960
14371003
14373866
14374039
14374307
14374673
14375085
14375357
14375981
14376301
14377549
14377945
14378216
14379007
14379656
14380494
14381196
14381312
14382272
14382823
14382858
14383259
14383855
14384899
14385751
14385772
14386181
14386362
14386369
14386470
14387314
14387514
14387801
14389065
14389354
14389447
14389629
14390918
14390977
14391027
14391505
14392008
14392057
14393005
14395264
14395620
14396341
14396771
14396877
14397002
14397263
14397499
14398555
14398683
14399080
14399126
14399151
14399579
14399650
14400109
14400176
14400372
14401164
14401759
14402132
14402232
14402874
14403444
14403934
14404598
14404808
14405773
14406373
14406765
14407699
14410892
14411463
14411736
14412089
14412613
14412763
14413131
14413537
14413698
14414183
14414341
14415195
14415473
14415576
14415669
14415834
14415981
14416085
14417106
14418682
14419119
14419381
14419501
14421259
14422007
14422224
14422490
14423136
14425364
14425587
14425674
14425890
14426825
14427433
14427639
14427882
14428347
14428904
14428937
14429043
14429630
14429859
14430068
14430079
14430864
14431339
14431512
14432078
14432095
14432167
14432549
14434057
14434320
14434369
14434791
14434891
14435744
14436560
14437252
14437259
14437423
14437601
14438079
14438371
14439226
14439955
14440704
14441070
14441545
14442639
14442669
14442786
14444455
14444657
14444738
14445180
14445333
14445386
14445718
14446723
14446985
14447452
14448162
14448863
14449266
14449773
14449858
14450012
14450103
14450662
14452613
14452633
14453861
14454908
14455653
14455887
14456168
14456901
14457261
14457713
14457942
14458726
14459035
14459484
14460907
14461119
14461326
14464356
14464611
14464774
14464793
14465562
14465709
14465795
14465976
14466683
14466871
14467038
14467082
14467858
14468399
14468457
14470230
14470270
14470763
14472434
14472880
14473310
14473537
14473901
14476412
14477743
14478142
14478186
14478350
14479050
14479105
14479220
14480631
14480944
14481726
14482647
14483397
14483701
14484557
14484705
14485195
14485432
14486124
14486147
14487640
14488018
14488211
14488452
14488730
14489887
14490210
14490271
14490591
14490730
14490987
14491996
14492892
14493613
14493735
14493912
14494173
14494270
14494353
14494569
14495619
14496670
14496678
14496986
14497202
14497283
14497720
14497989
14498052
14498748
14498819
14499072
14500303
14501396
14501723
14502205
14503072
14503183
14503453
14503595
14503847
14504055
14505525
14505575
14505849
14506753
14507732
14508210
14508923
14509129
14510299
14510377
14511649
14512407
14514363
14514818
14515822
14516257
14516487
14516554
14517390
14518620
14519427
14519554
14519652
14520157
14520344
14520742
14522489
14523117
14523797
14524360
14525174
14525858
14525980
14526233
14526473
14526955
14527074
14527566
14528261
14528326
14528694
14530237
14530447
14530529
14531230
14531656
14531984
14532657
14533797
14533954
14534695
14535846
14536061
14536709
14537141
14537445
14538254
14538493
14538592
14541623
14541907
14542104
14543862
14543963
14544882
14544931
14545285
14546437
14546851
14547530
14547809
14549629
14550125
14550277
14551409
14551478
14552041
14552217
14552342
14552612
14553825
14554484
14554595
14554940
14555787
14556050
14556133
14556895
14557142
14557185
14557695
14558479
14558722
14559154
14560878
14561029
14561867
14562190
14562379
14562477
14563666
14564851
14565097
14565342
14566313
14566532
14569303
14569912
14570631
14572099
14572316
14572477
14574407
14575169
14575193
14575334
14575471
14576414
14577174
14578475
14579121
14579751
14579873
14581738
14581866
14582531
14582661
14583452
14583878
14584588
14585368
14585531
14585829
14585901
14587550
14588704
14588821
14589170
14589938
14590055
14590383
14591339
14591701
14591771
14591865
14591972
14592081
14592815
14593936
14594957
14595100
14595274
14595958
14596180
14597693
14598405
14600415
14601985
14603062
14603262
14604428
14604461
14604917
14605204
14605713
14605719
14605899
14606070
14606245
14606800
14607642
14607770
14608142
14608196
14608373
14608634
14609083
14609760
14613580
14613830
14614409
14614550
14615264
14616447
14616929
14617253
14617331
14617542
14617618
14618109
14618406
14618711
14619631
14619780
14620707
14621003
14621076
14621209
14621214
14621903
14623229
14623326
14623380
14623588
14624455
14624657
14624764
14625371
14625707
14627525
14628457
14629902
14629994
14630088
14630112
14630499
14631611
14631639
14631878
14633772
14634490
14634796
14635008
14635337
14635952
14637013
14637255
14637489
14637670
14638204
14638472
14638849
14639494
14640399
14640427
14640917
14642227
14642264
14642678
14643277
14643724
14644362
14644442
14644618
14645181
14645194
14645604
14645947
14647112
14647152
14647154
14647476
14649447
14650057
14650238
14650825
14651276
14651905
14651918
14652589
14653177
14653275
14653281
14653402
14653410
14653442
14654667
14655425
14655643
14656525
14658921
14659667
14660018
14661036
14661581
14662037
14662099
14662441
14662597
14662631
14662857
14663211
14663290
14663969
14664156
14664805
14665043
14665057
14665687
14666248
14666728
14668010
14668224
14668874
14668968
14669185
14670201
14670785
14671680
14672144
14672657
14674652
14675127
14675155
14675914
14675964
14675997
14677054
14678430
14678801
14679386
14680320
14681954
14682521
14682533
14682542
14683254
14683591
14683914
14684961
14686700
14687722
14688227
14688653
14690395
14691271
14691406
14694701
14694889
14695220
14695313
14695770
14695864
14695893
14696870
14697331
14697577
14697927
14700352
14701617
14703126
14703931
14704143
14704473
14704875
14704931
14704949
14705767
14706019
14708470
14708516
14708968
14709229
14710361
14711039
14711336
14711941
14713388
14714397
14714755
14715216
14715513
14717210
14717743
14718037
14718125
14718205
14719324
14720027
14720449
14721442
14721484
14721521
14721814
14722035
14722306
14722698
14723352
14723423
14723474
14725016
14725987
14726313
14726767
14727061
14727548
14727570
14727579
14727715
14728517
14729816
14730830
14730887
14731262
14731372
14731734
14731809
14733592
14734261
14734741
14735138
14736125
14736221
14737240
14737553
14739094
14740585
14741680
14742437
14742509
14742700
14743055
14743805
14744877
14747063
14747315
14747947
14748110
14748920
14749506
14750368
14751776
14751843
14752036
14753361
14753551
14754021
14754322
14754476
14755406
14757198
14757836
14758002
14758429
14759880
14760367
14760665
14761054
14761800
14762142
14762212
14762566
14762716
14763449
14763463
14763719
14763827
14764296
14765072
14765387
14765479
14765828
14766873
14768131
14768439
14769499
14771979
14772132
14772853
14773642
14773852
14775362
14777126
14778120
14779205
14779413
14780031
14780913
14781361
14781471
14781589
14781645
14783266
14784697
14785607
14786257
14786598
14786700
14787016
14787093
14787152
14787280
14787394
14788002
14788693
14788849
14788867
14788941
14789593
14789937
14790036
14790559
14791280
14791393
14791553
14791836
14792039
14792870
14793828
14795258
14796723
14796792
14796834
14798787
14799160
14799200
14799445
14799617
14801132
14801703
14802074
14803357
14803761
14803982
14807022
14807705
14808558
14808895
14808903
14809346
14809412
14809719
14809754
14810610
14811701
14812238
14812765
14813778
14814210
14814693
14815106
14815203
14815695
14815867
14817839
14818246
14818356
14818545
14819052
14819293
14819693
14820038
14821588
14822044
14822218
14822867
14823494
14823754
14823828
14825172
14826295
14827677
14827772
14828021
14828618
14828814
14829587
14830576
14831056
14831465
14831974
14832907
14833001
14833015
14833114
14833356
14833655
14834207
14835079
14835691
14835791
14835800
14836004
14836657
14837676
14837886
14839891
14841022
14841421
14841515
14841526
14841587
14842349
14843620
14843704
14845186
14845223
14845354
14845775
14847841
14847887
14848202
14849124
14849224
14849904
14849929
14850305
14850594
14850879
14851259
14851632
14852552
14852943
14853489
14853759
14853869
14856375
14857076
14857149
14857432
14857558
14857603
14858147
14858207
14858299
14858493
14859099
14859106
14859251
14859450
14859566
14859569
14859577
14859733
14859750
14859809
14860592
14861645
14861649
14861783
14861997
14862289
14863055
14863619
14865736
14866054
14866358
14866909
14867432
14868284
14868834
14868910
14869284
14869558
14869735
14870046
14871634
14871702
14871885
14873156
14873494
14873540
14873543
14874014
14874962
14875155
14875724
14876506
14876695
14878679
14879555
14880115
14880246
14881072
14881294
14882301
14882665
14882703
14883345
14883587
14883698
14884203
14884426
14884480
14886250
14886525
14887690
14888619
14888654
14888667
14889578
14889741
14890193
14892116
14892716
14892917
14893094
14893189
14893674
14893694
14894353
14895347
14895477
14896895
14897075
14898316
14898737
14898849
14898891
14899079
14899275
14899379
14899736
14899912
14900879
14901345
14901443
14902410
14903365
14903971
14905146
14905622
14905882
14906148
14906760
14907535
14909902
14910508
14911074
14911371
14911726
14912182
14913100
14913218
14913560
14914444
14915441
14916248
14917697
14917716
14918249
14918372
14919164
14919745
14921785
14921963
14922454
14922999
14923590
14923870
14923884
14924006
14924064
14924262
14925497
14926425
14927236
14927530
14927608
14927887
14927950
14930758
14932034
14932466
14932718
14932788
14933790
14933871
14935557
14935896
14936862
14937019
14937235
14937410
14937873
14938735
14939383
14939667
14940674
14941058
14941423
14943181
14943421
14943531
14944659
14946354
14947135
14947322
14948732
14948962
14949226
14949800
14950569
14950680
14952232
14952566
14953011
14953185
14953540
14953934
14954368
14955213
14955657
14956356
14957197
14957789
14957980
14958014
14958396
14959243
14959323
14959516
14959680
14960398
14960782
14961516
14961890
14962036
14962519
14963056
14963095
14963943
14965466
14966115
14966123
14966213
14968483
14968806
14969268
14969285
14969922
14970346
14970879
14971419
14971628
14971745
14972092
14972190
14972334
14972974
14973790
14973986
14974016
14974843
14975636
14976523
14976545
14976668
14976682
14976948
14977470
14977546
14977642
14978711
14978741
14979310
14979544
14980404
14981050
14981606
14981772
14982760
14983287
14983561
14984068
14984240
14984477
14985647
14985699
14985722
14986357
14986774
14987327
14987338
14987735
14988685
14989476
14989508
14989520
14990455
14991129
14991159
14991736
14991917
14991967
14992012
14992172
14992534
14992866
14993280
14993442
14994934
14995012
14995352
14995873
14996789
14997483
14997715
14997897
14998000
14998109
14998250
14998459
14998856
14999065
14999146
14999457
14999459
14999489
15000632
15000728
15001204
15001635
15001931
15001958
15002423
15002579
15002706
15002836
15003185
15004853
15004874
15005831
15006013
15006492
15006555
15007264
15007941
15007961
15008294
15009573
15009758
15010210
15012848
15013130
15013378
15013824
15014589
15015516
15016072
15018474
15019151
15020206
15020837
15022473
15022904
15023713
15024147
15024408
15026281
15026293
15026318
15028711
15028770
15029059
15029339
15029480
15029878
15030155
15030438
15030856
15032219
15034148
15034407
15034693
15035710
15036340
15036969
15037386
15038171
15038346
15038703
15042503
15043101
15043105
15043218
15044540
15044761
15045034
15046710
15047275
15047943
15048224
15048584
15048754
15049805
15050851
15051381
15051456
15052189
15052731
15054206
15054473
15054613
15055015
15055397
15055534
15055976
15056654
15056686
15056761
15057584
15057772
15058079
15058165
15058664
15059576
15061592
15063390
15063903
15064982
15065025
15067078
15067883
15068446
15069414
15069549
15069873
15070240
15070857
15071195
15071465
15071702
15072245
15072500
15073562
15073853
15075720
15075934
15076096
15076178
15076389
15076682
15077312
15077461
15077633
15078529
15078652
15079757
15080958
15081160
15082651
15082890
15083182
15083804
15085549
15085577
15085608
15085715
15085722
15087779
15088350
15088483
15090162
15091225
15092212
15092967
15093718
15093835
15094401
15094703
15095026
15096630
15096764
15097231
15097461
15098044
15098152
15098780
15099082
15099261
15099313
15099685
15100698
15101169
15101334
15101516
15103020
15103379
15103395
15104310
15104890
15104931
15105672
15105791
15106636
15106844
15107152
15107684
15107763
15109594
15110087
15110716
15111043
15112178
15112576
15112807
15112816
15113401
15113600
15113705
15113785
15113936
15114257
15114340
15114950
15115282
15115356
15116424
15116532
15116537
15116608
15117398
15117957
15118425
15118568
15118694
15119290
15119742
15120128
15120135
15120136
15120496
15120600
15120944
15121715
15122429
15123307
15124744
15126651
15127100
15127436
15129025
15130586
15131033
15131935
15131947
15132257
15132653
15133274
15133633
15133925
15134193
15134271
15134520
15135110
15135507
15135908
15136385
15136605
15136708
15137355
15137549
15137762
15139117
15139424
15141342
15143642
15143902
15144232
15144322
15144330
15144539
15145110
15145933
15147016
14096836
14098225
14100042
14100168
14100542
14100907
14101558
14101946
14103418
14103937
14104856
14104897
14104937
14105542
14106399
14107142
14110657
14111972
14112251
14112479
14112753
14112961
14114191
14115289
14116561
14116572
14117117
14120531
14123269
14124270
14125242
14125298
14125610
14125996
14126443
14127154
14127173
14127426
14129221
14130552
14130695
14131045
14131896
14133145
14134227
14134397
14135655
14136085
14137051
14138385
14139178
14139753
14139856
14140906
14141718
14141902
14142116
14142772
14143358
14144306
14145186
14145787
14145926
14146355
14146843
14146872
14149608
14150767
14151013
14151297
14151335
14152065
14152083
14152170
14152582
14153943
14155246
14155409
14155417
14155781
14155971
14156190
14158079
14158263
14160985
14162199
14162788
14165010
14166545
14167081
14170041
14171331
14171946
14172562
14173077
14176104
14176465
14177252
14177417
14177897
14180416
14180795
14180922
14181091
14181142
14182585
14183371
14183951
14184248
14184703
14185106
14185452
14187153
14188545
14188948
14189162
14189717
14190864
14191735
14191808
14192030
14196347
14196675
14198787
14199307
14199877
14201379
14201669
14202756
14203017
14203100
14203245
14203274
14205464
14206564
14207110
14207155
14207494
14208590
14209701
14213725
14213778
14214441
14214913
14217911
14219088
14219175
14220476
14222121
14222429
14223938
14224455
14225518
14229084
14229562
14230374
14230587
14233282
14235133
14236191
14236666
14237069
14237715
14237978
14238246
14238849
14244273
14244995
14245592
14247120
14247778
14248411
14250064
14250198
14250404
14252638
14252794
14252822
14253219
14253450
14255360
14256802
14259820
14259969
14260043
14260185
14260583
14260633
14261778
14263160
14265553
14265737
14266367
14266595
14268141
14268407
14270100
14271210
14271316
14272563
14273836
14274437
14274816
14274912
14276943
14277080
14277887
14278504
14279395
14279893
14280128
14282365
14282608
14283066
14284864
14285624
14285820
14285866
14286963
14287417
14289982
14291422
14293450
14294811
14294820
14296051
14296853
14297448
14298699
14299607
14301333
14302469
14302850
14302886
14303644
14303695
14304074
14304530
14305921
14307119
14307134
14307582
14307676
14308065
14308805
14313306
14314593
14315182
14315526
14316820
14318255
14318329
14322585
14323991
14324121
14324304
14324460
14324805
14325497
14326598
14327166
14327709
14328061
14328588
14331186
14331364
14331865
14332196
14335963
14337682
14337722
14337957
14339101
14339731
14341947
14342270
14342854
14346761
14347282
14347778
14349442
14350384
14351563
14353153
14355017
14355591
14357500
14357817
14357976
14358889
14359203
14359763
14359930
14361056
14361185
14361556
14362899
14363055
14365061
14366855
14367206
14367803
14368442
14371194
14374345
14374545
14374789
14375663
14376924
14377255
14377550
14377718
14378343
14379123
14379815
14380035
14380473
14381244
14382522
14384095
14387434
14388525
14388974
14389373
14389731
14390115
14390322
14390328
14390515
14390722
14392785
14392944
14392967
14393142
14393655
14394338
14394410
14394486
14395003
14395209
14395673
14395913
14396387
14397295
14398423
14399690
14400820
14401107
14403531
14404085
14405295
14405597
14407884
14408486
14408889
14409780
14411449
14411480
14412302
14412411
14414779
14416107
14417841
14418059
14419970
14420211
14420871
14421855
14422543
14423696
14424142
14424215
14426864
14427474
14428669
14429163
14429714
14430749
14430825
14431222
14433978
14434062
14434448
14434780
14435085
14435459
14437013
14438539
14439315
14439864
14443321
14443661
14443662
14443749
14445460
14446880
14447116
14447960
14448139
14448846
14449262
14449473
14452872
14453782
14454063
14455202
14455649
14456605
14457716
14458986
14459923
14462705
14463210
14464166
14464486
14464816
14467314
14467999
14469775
14471150
14471438
14472198
14472525
14474985
14475118
14475461
14481982
14482083
14482593
14484170
14486225
14486289
14486603
14487083
14487582
14489041
14489121
14490135
14491296
14492232
14494875
14495945
14497866
14497973
14498324
14500869
14501907
14502385
14502692
14502857
14502885
14502947
14508035
14508588
14508605
14510358
14510678
14511016
14513475
14514003
14514565
14516734
14517903
14518089
14519902
14521232
14521595
14525792
14526312
14529336
14530089
14530249
14531250
14532576
14532838
14533367
14533854
14534511
14534843
14535567
14537443
14537788
14537824
14539216
14539484
14539583
14540622
14540668
14541112
14541486
14541740
14542917
14543555
14544197
14544645
14544690
14547988
14549383
14549980
14551211
14552569
14552868
14553304
14553713
14554527
14555095
14556890
14558367
14558877
14560832
14561551
14562081
14563106
14563163
14563799
14563817
14564674
14565348
14568367
14569484
14570078
14571414
14572083
14572720
14573507
14575304
14575312
14577096
14577327
14577501
14577550
14578305
14578846
14581594
14581686
14582017
14582024
14582350
14583442
14585399
14587398
14588718
14588795
14590088
14591684
14592091
14592137
14592551
14593040
14593339
14595897
14596487
14596698
14598242
14598724
14600280
14600371
14600464
14601292
14601701
14602420
14602451
14604452
14604866
14608566
14608998
14610196
14612136
14612340
14612528
14612861
14613538
14613541
14613703
14615249
14616163
14617854
14618982
14619867
14621075
14621801
14623379
14626307
14627113
14629389
14629653
14631454
14631868
14632893
14634535
14634909
14636040
14636540
14637107
14638349
14639579
14639828
14641207
14641917
14642864
14643622
14644226
14644596
14645276
14646270
14647728
14648224
14648955
14649399
14650010
14650309
14650563
14652111
14652337
14652538
14654513
14655062
14655675
14656635
14657233
14659057
14659072
14659829
14660212
14660269
14660399
14662237
14665496
14666018
14666174
14666370
14669084
14669416
14670936
14671806
14671965
14672712
14673063
14673930
14674027
14674899
14675058
14675419
14676318
14676353
14677219
14678787
14678825
14680324
14680379
14680954
14681175
14681813
14682093
14682616
14683119
14684470
14685127
14685991
14686052
14686338
14686471
14690822
14691316
14692527
14692951
14693553
14694115
14695407
14695766
14696454
14696790
14697020
14697811
14698253
14699174
14699430
14699586
14700679
14700758
14701386
14701757
14702393
14704989
14705295
14705787
14705930
14711437
14711923
14714415
14715179
14716356
14716901
14717456
14717880
14718785
14719226
14719237
14719296
14719891
14720375
14722483
14723825
14723984
14724910
14725307
14725322
14725521
14726070
14726323
14726978
14727256
14729547
14729568
14729834
14731162
14732355
14732684
14733507
14735500
14736064
14736746
14736792
14737337
14740606
14740974
14741729
14744456
14744557
14746138
14746429
14747624
14747967
14747997
14749691
14749966
14750313
14751527
14751756
14755307
14755968
14756712
14756812
14759586
14759634
14759641
14759743
14760064
14760610
14761189
14761623
14763106
14764354
14766677
14768542
14769885
14771081
14772045
14773006
14776034
14777273
14777926
14779819
14780293
14783791
14783975
14788407
14788418
14789006
14789321
14789884
14791118
14791416
14792931
14793277
14795147
14795707
14796408
14797896
14798927
14799397
14799903
14799996
14800276
14803844
14804124
14804360
14805232
14805592
14805836
14806198
14807095
14808355
14808944
14809192
14810084
14810545
14810603
14811364
14814749
14815089
14815904
14820115
14823661
14824438
14824491
14824628
14824786
14825078
14825887
14827249
14827322
14827883
14829005
14829019
14829545
14830383
14831499
14831901
14831963
14832314
14832378
14832874
14833042
14833263
14833368
14833847
14835982
14837293
14839675
14840603
14842929
14843322
14843432
14844100
14844372
14845045
14846236
14846447
14847034
14848053
14848241
14850849
14850890
14854283
14854395
14854937
14855312
14856328
14856873
14857994
14858795
14859996
14860039
14861363
14862013
14862840
14862903
14863297
14864147
14864459
14864613
14867199
14867446
14868059
14869821
14870306
14873976
14874689
14874967
14876006
14877019
14877094
14877518
14878077
14878363
14879268
14880354
14880854
14881203
14882794
14883980
14885271
14885993
14886232
14886606
14887463
14888927
14889369
14890724
14890966
14894318
14894347
14894863
14896557
14897203
14897297
14899825
14901936
14903318
14904236
14904936
14908010
14908299
14910710
14910968
14913303
14914948
14915319
14915380
14916146
14917903
14919770
14920483
14921303
14921370
14921446
14922294
14923037
14923937
14926280
14927482
14927702
14929274
14930252
14932174
14934145
14934210
14936125
14936161
14936270
14937283
14937308
14939335
14939395
14939607
14940035
14940491
14941936
14942323
14945217
14945289
14946167
14946481
14947399
14947537
14948503
14948971
14950022
14951009
14951925
14951990
14952223
14953418
14954373
14955418
14957129
14958087
14959642
14960968
14961605
14962650
14963490
14963835
14964420
14965092
14966583
14967963
14968318
14968718
14969469
14969507
14970110
14971302
14971316
14972172
14977228
14977663
14977812
14977851
14978328
14978783
14979621
14980547
14981196
14983706
14984295
14985339
14985839
14986075
14987501
14987553
14987646
14988234
14988996
14989496
14990385
14991265
14991657
14991708
14993361
14993919
14996140
14996999
14997162
14998237
14998649
14998695
14999506
14999719
14999956
15001752
15002141
15003897
15004325
15004454
15008672
15008695
15009602
15010356
15012933
15013396
15013535
15014950
15016377
15016531
15019936
15020981
15023883
15024613
15024801
15024846
15028568
15029412
15030132
15031580
15032230
15032585
15033067
15035313
15037466
15038065
15038159
15038414
15038678
15039074
15039103
15039120
15040586
15040641
15041091
15041369
15042185
15042730
15043710
15043827
15043954
15045028
15046294
15046664
15046668
15049058
15052238
15055260
15058070
15059578
15062549
15063668
15063870
15064512
15065870
15066935
15067872
15070293
15070343
15070513
15072301
15073516
15074037
15075042
15075911
15077577
15077618
15079161
15080256
15080638
15081315
15081429
15081857
15082010
15082375
15087998
15089155
15089824
15089959
15092553
15092941
15093050
15094341
15094451
15095966
15096066
15096143
15098688
15099077
15099674
15099790
15100529
15100652
15103300
15105357
15105647
15106163
15106574
15107494
15108317
15109223
15111517
15111644
15111911
15112885
15112961
15115154
15115713
15115772
15115971
15119425
15120419
15120754
15122232
15122276
15122617
15122700
15124944
15125336
15128035
15130067
15130267
15130848
15131133
15133317
15133609
15134340
15138603
15139231
15142962
15143195
15144316
15144757
15144872
15145347
15147164
14096356
14097386
14097772
14102201
14104081
14104768
14104816
14106953
14107768
14107788
14109336
14109842
14109926
14113178
14114289
14114328
14115233
14116399
14116650
14117439
14118777
14122929
14124593
14126322
14132602
14134983
14137688
14142381
14143647
14148421
14149269
14149818
14150746
14152742
14154696
14157892
14158616
14161090
14162225
14163410
14164222
14164602
14164921
14168463
14171324
14171423
14171856
14172654
14173148
14174490
14174776
14176225
14176702
14182117
14183110
14186828
14189202
14190529
14192314
14192914
14193951
14208211
14209625
14212708
14213723
14214459
14215435
14215754
14216115
14216371
14217997
14219589
14226228
14227152
14227311
14227874
14229464
14229912
14230746
14231788
14232524
14234764
14235633
14237329
14238062
14243127
14243263
14246184
14246557
14247344
14247663
14247716
14249667
14254875
14255687
14256493
14256694
14257505
14258755
14260574
14262032
14262660
14264004
14267766
14267923
14269144
14270948
14271253
14272852
14274897
14276246
14276249
14277441
14277459
14279231
14282164
14282575
14282757
14282924
14283403
14283417
14284420
14286034
14286869
14287195
14287884
14288487
14289105
14289719
14294700
14295087
14295279
14295871
14297113
14297445
14298169
14298399
14301775
14302489
14305593
14305655
14306125
14306398
14307898
14312910
14313862
14314057
14315110
14315547
14315925
14315946
14316506
14318045
14321142
14321211
14323727
14324373
14324540
14326011
14326308
14326459
14327207
14328183
14332284
14334848
14335386
14335500
14335644
14336587
14338147
14338350
14339443
14341485
14342714
14342988
14346717
14347202
14347642
14348631
14350629
14352243
14353512
14354712
14356326
14358877
14359858
14361191
14363268
14364054
14364285
14367854
14368624
14369849
14370575
14372822
14373439
14374148
14374811
14375114
14375956
14376243
14376980
14378079
14378143
14379365
14379515
14379781
14379888
14384139
14385442
14386397
14386556
14388257
14391334
14391866
14393574
14393811
14394384
14394807
14396261
14396529
14397207
14397688
14403472
14403498
14403754
14403765
14404260
14405224
14406281
14408317
14409685
14415084
14416649
14417692
14419294
14420365
14420431
14420439
14420569
14422408
14422661
14423035
14424076
14425846
14426272
14428169
14431455
14431692
14431907
14432032
14432115
14433569
14435099
14436422
14437135
14438866
14439828
14442012
14445312
14446795
14447126
14447780
14451344
14451521
14452839
14455813
14456064
14456571
14458289
14459045
14460648
14463135
14464566
14466595
14466733
14466840
14466870
14467459
14469884
14475876
14476548
14480000
14480347
14484696
14485031
14485178
14487246
14492573
14493892
14495480
14496893
14499058
14499285
14499370
14499882
14501976
14502654
14503411
14506291
14508147
14508320
14509740
14510547
14510762
14515550
14517755
14519188
14521452
14521453
14521882
14522017
14522363
14523201
14523529
14523601
14523774
14524866
14526157
14527450
14528229
14529011
14529058
14537132
14539623
14545303
14548801
14551534
14556898
14561293
14561489
14561863
14562332
14562358
14562363
14565203
14566379
14566424
14566962
14567033
14568995
14569296
14569437
14569767
14573785
14576196
14580340
14580656
14581099
14582334
14582596
14582763
14584488
14586053
14586547
14587134
14588435
14589976
14591089
14595118
14595500
14597031
14597905
14600633
14603762
14605360
14605912
14606556
14606830
14608854
14610226
14612188
14621956
14622609
14624982
14625667
14631387
14631502
14632352
14632827
14633998
14634839
14635013
14638015
14638411
14643905
14644858
14647439
14648151
14648175
14648693
14648699
14650064
14650347
14651567
14653223
14654151
14654888
14655825
14656208
14657036
14657382
14657542
14660529
14661122
14664282
14664374
14664888
14666396
14673694
14675695
14675815
14676997
14680221
14681643
14683193
14683267
14683717
14690026
14694329
14694806
14695621
14696601
14696801
14697881
14699949
14700315
14702764
14706113
14707703
14708522
14708710
14711105
14713676
14715383
14718457
14720096
14720662
14720938
14723953
14725863
14730482
14733536
14735606
14741248
14741769
14741785
14742808
14743960
14745583
14745805
14748095
14750972
14751691
14753588
14757486
14757877
14760264
14760915
14763431
14768045
14768112
14774729
14774812
14775466
14777292
14778281
14779728
14780228
14782163
14782879
14782981
14784379
14787287
14789139
14792374
14792992
14793233
14796043
14801428
14803097
14808473
14808693
14809548
14810280
14810454
14811014
14811192
14815395
14818177
14818765
14818776
14819615
14820547
14822302
14828681
14829130
14830667
14831034
14833504
14834553
14834964
14842167
14844787
14844793
14853165
14853939
14854534
14856701
14858605
14861788
14861995
14862277
14862306
14864184
14866206
14866325
14872341
14873986
14874547
14875028
14875094
14875368
14875498
14876159
14876548
14877029
14877653
14878620
14882806
14883000
14886313
14888255
14888588
14890213
14890280
14891473
14892536
14893083
14893176
14893480
14896059
14896324
14897147
14898245
14899314
14900287
14902496
14903629
14913829
14913854
14914187
14915665
14915804
14916255
14917881
14918020
14918736
14919351
14920081
14920359
14921406
14921866
14922691
14924925
14926738
14930343
14930651
14931323
14934029
14934299
14937291
14937948
14938644
14938732
14940007
14940130
14940239
14944164
14953787
14954584
14958076
14959240
14959903
14963137
14964565
14966321
14966748
14968005
14971057
14972494
14976454
14979917
14980266
14983521
14983847
14984213
14984490
14985141
14986765
14990290
14991881
14992667
14993621
14994475
14998851
14999028
15000086
15000095
15001986
15002481
15003469
15003871
15004365
15005806
15011069
15013423
15014231
15016176
15018257
15020034
15020432
15021024
15021638
15027959
15028156
15039652
15040151
15043926
15045427
15045468
15047726
15048465
15049511
15050664
15051005
15052205
15056184
15057276
15057710
15063635
15068373
15070241
15073351
15075280
15075463
15075912
15076674
15079372
15080244
15081892
15082596
15084999
15085254
15085324
15085648
15087314
15087971
15089890
15091732
15092235
15092630
15097939
15098731
15099611
15101352
15101945
15109415
15109495
15111365
15115991
15117132
15117163
15118766
15120089
15120705
15121331
15123077
15123611
15124748
15125170
15125694
15126295
15135572
15137861
15141237
15144741
15145258
15146270
15146467
15147184
15147780
14097559
14097666
14098679
14101312
14101576
14102000
14102427
14102865
14103205
14103882
14104578
14105061
14105590
14110621
14110986
14116792
14122185
14122526
14123831
14127373
14131324
14133026
14133600
14136098
14137219
14138499
14143024
14144914
14146422
14146578
14146676
14152014
14152348
14155471
14157161
14169240
14169474
14172749
14173644
14175309
14182511
14182568
14183761
14184995
14189545
14191707
14200489
14200575
14200941
14208624
14213162
14226357
14226830
14227098
14229981
14234091
14235726
14237115
14242444
14242992
14245055
14249116
14249824
14251767
14251841
14252562
14252741
14254527
14254838
14255064
14257285
14258395
14264193
14265034
14266875
14270317
14271862
14277608
14278763
14286216
14286600
14288505
14289156
14292543
14294411
14295554
14297443
14297674
14298116
14298916
14300580
14303378
14303506
14304949
14305351
14307442
14310164
14315293
14316375
14316513
14317384
14318094
14318470
14319288
14320735
14321407
14323732
14326484
14326567
14332143
14337453
14339333
14342495
14347625
14348434
14351633
14352577
14353672
14353780
14358769
14359084
14359596
14361650
14361733
14372036
14373999
14378950
14382406
14383052
14391749
14392896
14395568
14398966
14399149
14399194
14400222
14403320
14404840
14407155
14408093
14409887
14410356
14411700
14413774
14421353
14422025
14425476
14428917
14429226
14429729
14430335
14432816
14433860
14438831
14440909
14441394
14443259
14444567
14445580
14447731
14448603
14452216
14458609
14459194
14470557
14472099
14475157
14477308
14485095
14485732
14488732
14491699
14499589
14500429
14504649
14506724
14509873
14510895
14512602
14513542
14513695
14514599
14515864
14518407
14520352
14520822
14521324
14521756
14522979
14525825
14529021
14534421
14535221
14535347
14535983
14536665
14538693
14541933
14552297
14557989
14558559
14561772
14562153
14565599
14568266
14579847
14580286
14580967
14581201
14581229
14583022
14586810
14590032
14590330
14592738
14593560
14608348
14609778
14610522
14617340
14619748
14622713
14623196
14626550
14626926
14630154
14630171
14631450
14637396
14640184
14642091
14642105
14647861
14653473
14657275
14664401
14669614
14677129
14686187
14688645
14690603
14692561
14696563
14698077
14700700
14704812
14709414
14709475
14709847
14710574
14710753
14711060
14711973
14713765
14715574
14717378
14722228
14726414
14727834
14728826
14734208
14735232
14737845
14738378
14738854
14739823
14746318
14746430
14748641
14750446
14758509
14763039
14763061
14763169
14765766
14766473
14767631
14769655
14769903
14771668
14777865
14779135
14781771
14786014
14786183
14792611
14793393
14794196
14799966
14802289
14802374
14802719
14807752
14813002
14816644
14816936
14818149
14823293
14829093
14829557
14830327
14830336
14833272
14836915
14837740
14839320
14839956
14842458
14845525
14846987
14848776
14857299
14858435
14859593
14859766
14860581
14863839
14868752
14872484
14873889
14878753
14880847
14881117
14882417
14892897
14894057
14895068
14898497
14898672
14899555
14900708
14906981
14907334
14910972
14916520
14917925
14926236
14927298
14929067
14938244
14938667
14944271
14947176
14954586
14957220
14957692
14959763
14961765
14962082
14962342
14967298
14967408
14968580
14969461
14971099
14971825
14972316
14974749
14975432
14975952
14981459
14982125
14987200
14988577
14990261
14992077
15001868
15005345
15007404
15010360
15010901
15016039
15016464
15019205
15020812
15022819
15023161
15029292
15032146
15035855
15036529
15037880
15042506
15045695
15051824
15052216
15052651
15053127
15054112
15060077
15063716
15068257
15070407
15072114
15073095
15076569
15078029
15087224
15087666
15088582
15090423
15090437
15091606
15098186
15099029
15100511
15101577
15102359
15102384
15105892
15109842
15111811
15111977
15112448
15113700
15117246
15117789
15118824
15123966
15124367
15125439
15126291
15128824
15135662
15138392
15139310
15142085
15145088
15146172
14096536
14096594
14105932
14108343
14112792
14120060
14120153
14122977
14126468
14126792
14127775
14132664
14135547
14136475
14140745
14142631
14143528
14144892
14152523
14154498
14155928
14157476
14159536
14160607
14168064
14172758
14173329
14177186
14178759
14180353
14183299
14186199
14186912
14189829
14203696
14204907
14205947
14219084
14219710
14223671
14224059
14224792
14230789
14231978
14233784
14236996
14237283
14241284
14243455
14245411
14246033
14246841
14252592
14257808
14259209
14263113
14267155
14267707
14276182
14281628
14285842
14285928
14289518
14296070
14297472
14297809
14300260
14309467
14314143
14320087
14327275
14333681
14334777
14335705
14336520
14338056
14339356
14340156
14343273
14349669
14352481
14354338
14355311
14357970
14358123
14364291
14372165
14374662
14376709
14388149
14400030
14400631
14402598
14402794
14409014
14410388
14410681
14413040
14415343
14419123
14421662
14422757
14423054
14425671
14432813
14434988
14442299
14450173
14453163
14455526
14456047
14459873
14462987
14467107
14473684
14475489
14476987
14481474
14490796
14495088
14497082
14501119
14504180
14505297
14512489
14527736
14534476
14538963
14545866
14546174
14546922
14549526
14551646
14561685
14561691
14563433
14566118
14568569
14568641
14578912
14580337
14582343
14583306
14589799
14596513
14601334
14605005
14618173
14621539
14624298
14629496
14632402
14635036
14643362
14643946
14647074
14650468
14652153
14656275
14660767
14665886
14670753
14670839
14677696
14687698
14688996
14690093
14691571
14694285
14695214
14697143
14702189
14703220
14706360
14708827
14717131
14720523
14723310
14723405
14724512
14726211
14729475
14730423
14734345
14739586
14740381
14742781
14742902
14751267
14752622
14752760
14755487
14756923
14758313
14771239
14782184
14787990
14790252
14790314
14792357
14800569
14802191
14804808
14806400
14816029
14819727
14821734
14827145
14827707
14829495
14831416
14832007
14837697
14840109
14840884
14844864
14848236
14850163
14850620
14855769
14856109
14858567
14862506
14867458
14876128
14877230
14877383
14895739
14896267
14897067
14899480
14899918
14903678
14904203
14906933
14911904
14920741
14924146
14925261
14925423
14928431
14931932
14934138
14935997
14936809
14937381
14939298
14941463
14943348
14945075
14951378
14952007
14953297
14959295
14967080
14973566
14975681
14976867
14981127
14981780
14985963
14988408
14990770
14994277
14997746
14999703
15002057
15006868
15016424
15017163
15023021
15027113
15027522
15028349
15031866
15039222
15040583
15043037
15045481
15048220
15050391
15054879
15065869
15065906
15066858
15068106
15068962
15070383
15072956
15081623
15083158
15084984
15085249
15087831
15090315
15097022
15097041
15100348
15102389
15107104
15122611
15125616
15127847
15127951
15132991
15137427
15141932
15145177
15147701
14096191
14102293
14104523
14115670
14117541
14118734
14119683
14121602
14121918
14128950
14129017
14131503
14133667
14134527
14135459
14138623
14142461
14145421
14146833
14148952
14151287
14166843
14167508
14168684
14171565
14172621
14174251
14180308
14186091
14188268
14194888
14196951
14197771
14200106
14202987
14205498
14206828
14208524
14229737
14242521
14243790
14254259
14256164
14262536
14269798
14280631
14281827
14282423
14285422
14286209
14286647
14289328
14290751
14291248
14294796
14296208
14305765
14309819
14314789
14316605
14323820
14326088
14329771
14330668
14337091
14340458
14351962
14352250
14354414
14354717
14358499
14360216
14365515
14366421
14368943
14373768
14374584
14392811
14395664
14403923
14404958
14408369
14419269
14429242
14429811
14434323
14434679
14435088
14437571
14446384
14458402
14458463
14467325
14477012
14494352
14499950
14503881
14504901
14506402
14512488
14522680
14535384
14535523
14537066
14539804
14544670
14546056
14553292
14557435
14558289
14561049
14569183
14573209
14573603
14574580
14577910
14579731
14580267
14587286
14595483
14598857
14619410
14620758
14622531
14626669
14627313
14630138
14633109
14639753
14646856
14653694
14672182
14680054
14685011
14686428
14687406
14689279
14693432
14696584
14696718
14710329
14711125
14712312
14714888
14716743
14730223
14734445
14740302
14740979
14742641
14743165
14750374
14755601
14757931
14760239
14762048
14769430
14771043
14786723
14790478
14793523
14804050
14804374
14805806
14821715
14825280
14828028
14829522
14837139
14837185
14837826
14838998
14845759
14846853
14848877
14849097
14856470
14858321
14859044
14864290
14865647
14869039
14873243
14875231
14875583
14876967
14882003
14892757
14893937
14896250
14896549
14899591
14901509
14906466
14907424
14920164
14922014
14930073
14932874
14942304
14949351
14958165
14959834
14972032
14980370
14981109
14988041
14999877
15003498
15005170
15015548
15020671
15023666
15024297
15024892
15025893
15031914
15039265
15046763
15047112
15054110
15059740
15060514
15064037
15071851
15072578
15073063
15082474
15090317
15098222
15100761
15102034
15105322
15111743
15113496
15113918
15117643
15121402
15126025
15126210
15137849
15138770
15141539
15141846
15146523
14100370
14104082
14115263
14117617
14119995
14122708
14125758
14125841
14133040
14136594
14138793
14142793
14145761
14146923
14147821
14161386
14182257
14186642
14192524
14193356
14193571
14195898
14203519
14215288
14219529
14236601
14236654
14242382
14249871
14253079
14258369
14259543
14264337
14273917
14279759
14280007
14290504
14291556
14297329
14315031
14319573
14326901
14336274
14339550
14347908
14350150
14358331
14366410
14378699
14378908
14381345
14381446
14385476
14400595
14405593
14432400
14456692
14475329
14483682
14486138
14487682
14488989
14489590
14500860
14502093
14504338
14513662
14527023
14527257
14529901
14542448
14556707
14560276
14574109
14588540
14591689
14608162
14608170
14614799
14620270
14624919
14631353
14632272
14642432
14645047
14649819
14650360
14675146
14682715
14686013
14689348
14695283
14699249
14712384
14729206
14733496
14735085
14737810
14748280
14766672
14771568
14771845
14778165
14784577
14788434
14790785
14795050
14801640
14817639
14819626
14823772
14824342
14837735
14840551
14846687
14858369
14869054
14883428
14900697
14903978
14918706
14923407
14926260
14930381
14932363
14932697
14933555
14938253
14944778
14948443
14975385
14984783
14987910
14993644
15008255
15031579
15031903
15035367
15039362
15042879
15053214
15057329
15060418
15063440
15092372
15118271
15124050
15131868
15132946
15135363
15135905
15139388
15142034
15144641
14104956
14106936
14113341
14115759
14116415
14116640
14117025
14118371
14132871
14140049
14150530
14158131
14159086
14170656
14189544
14198942
14209887
14214672
14223174
14254999
14255691
14278870
14285591
14289845
14289957
14301618
14302418
14311644
14320231
14324288
14325508
14338965
14347340
14370554
14389796
14389995
14394590
14398157
14401632
14402585
14407804
14413581
14421121
14438068
14441466
14452938
14465367
14473488
14480023
14486814
14489194
14489655
14506889
14509142
14512043
14516932
14531917
14537233
14558663
14561324
14562070
14570477
14571342
14572632
14577748
14592853
14596139
14599507
14613995
14622622
14622962
14643992
14645421
14654639
14661249
14673653
14685149
14691138
14699038
14699114
14701322
14722579
14729329
14731092
14734579
14738482
14743088
14749623
14754406
14755742
14760200
14777800
14783231
14821329
14822902
14835732
14842457
14865923
14881389
14882998
14894101
14901569
14909917
14910757
14920921
14928499
14937710
14941643
14969533
14973205
14978291
15003222
15009784
15016681
15040989
15045750
15051688
15052074
15052225
15064173
15064785
15067650
15068870
15078566
15086818
15105274
15119309
15122502
15123450
15135104
15138321
15140467
14105275
14125843
14126975
14134086
14174245
14183248
14194750
14208126
14210676
14220554
14221366
14241439
14243298
14253421
14280385
14308746
14314426
14316996
14332525
14332590
14338791
14385253
14389733
14425606
14468648
14474513
14478870
14485873
14487845
14496134
14509261
14510701
14519481
14542140
14570746
14576765
14596599
14599721
14600510
14605287
14616829
14620869
14622700
14627223
14651589
14663382
14667781
14671594
14682057
14690169
14694987
14708047
14719173
14757978
14769943
14777909
14788225
14801215
14818584
14830146
14849176
14861728
14872685
14878788
14879878
14892125
14892734
14893685
14924770
14931143
14941084
14946417
14952332
14952922
14963756
14967449
14984256
14991141
14992796
14993223
14996746
15013913
15020573
15020734
15023384
15027231
15027628
15073686
15123543
15123712
15123743
14105417
14125558
14128571
14130041
14155423
14160171
14162100
14168314
14170684
14173637
14192373
14215936
14218385
14232539
14243922
14280578
14308129
14331406
14334821
14335939
14365048
14376840
14377983
14392051
14392148
14402745
14403114
14430962
14431857
14432114
14434187
14445129
14445838
14446915
14453270
14454661
14486596
14489306
14518220
14520808
14529492
14531674
14532976
14533871
14535770
14556037
14561845
14564162
14568172
14568401
14579792
14599216
14602220
14632252
14655581
14665499
14669820
14676395
14692600
14696884
14699067
14699087
14705451
14757086
14788480
14802422
14812118
14822557
14822730
14823761
14825374
14839887
14850916
14851624
14856028
14891717
14904771
14926920
14932136
14938114
14941004
14950482
14974188
14989100
14998726
15008333
15022206
15022617
15025876
15058663
15066227
15067222
15067482
15075899
15084550
15091937
15102028
15108923
15111527
15114649
15120141
15124019
15132390
15142577
14099838
14112623
14124701
14126902
14152811
14160782
14192532
14202529
14204905
14207401
14213195
14225205
14242236
14263114
14265200
14274480
14275479
14278170
14299149
14301150
14308341
14338520
14373417
14382939
14388418
14430088
14431472
14463289
14483909
14497473
14501328
14509481
14509855
14515565
14517990
14518195
14522441
14556119
14558266
14590710
14645525
14653739
14663528
14664790
14681790
14702918
14714413
14715640
14728293
14737996
14746899
14779994
14815103
14889143
14909875
14916524
14924576
14925554
14935288
14935447
14968075
14982820
15015771
15016250
15040427
15040504
15058978
15077910
15082432
15093440
15098258
15118630
15121643
15125003
15136299
14128723
14149984
14154784
14161050
14161892
14187383
14198665
14220409
14228637
14248172
14249730
14272850
14282726
14284582
14314620
14327706
14341277
14354466
14370183
14415878
14421943
14433438
14437647
14450538
14452568
14483279
14542193
14568259
14571557
14575597
14581980
14583199
14610621
14615590
14619653
14715748
14740801
14752782
14753125
14762094
14789478
14792798
14850842
14879255
14893205
14913442
14917908
14923725
14927980
14929322
14935016
14949705
14950023
15002748
15065545
15089177
15095877
15097834
15103553
15112590
14102334
14114480
14140020
14146570
14168734
14223150
14228520
14255019
14266052
14272026
14272425
14277512
14291027
14293121
14318032
14355651
14358350
14363123
14370738
14371888
14373269
14405631
14443808
14451976
14463090
14474227
14474368
14516348
14530717
14535644
14550309
14566596
14616005
14638655
14652894
14706300
14774721
14795111
14795303
14800410
14826143
14853508
14854760
14881730
14881775
14913627
14927183
14936861
14938279
14944333
14978020
15013837
15026142
15037450
15045865
15056360
15107313
15114674
15124937
14097440
14122783
14125038
14140545
14141156
14150628
14185139
14200046
14236923
14237113
14271570
14321873
14330329
14341369
14353302
14414215
14437783
14447850
14456577
14495040
14546592
14569138
14589386
14631346
14702380
14704997
14772691
14828296
14848999
14890129
14900710
14903554
14907468
14910553
14930908
14933648
15008099
15022219
15054237
15094818
15110734
15111260
14111679
14137989
14143680
14169834
14263725
14332577
14359044
14359230
14368611
14423981
14447095
14447637
14454736
14460253
14461827
14467719
14478488
14495776
14510805
14511468
14530535
14542535
14579034
14585836
14587910
14635602
14728621
14772323
14773264
14821952
14827398
14831045
14851367
14897194
14950593
14952818
15014242
15019662
15038174
15087668
15140935
15142546
14099797
14111677
14118385
14138645
14142853
14146782
14189299
14232548
14238578
14260553
14273450
14306166
14308275
14342430
14403304
14436032
14452456
14501094
14519797
14537311
14600806
14750082
14798767
14837601
15088065
15090664
15132528
14109173
14145733
14160304
14178839
14193944
14207005
14237499
14242174
14282569
14322904
14336338
14338533
14374682
14426947
14442075
14491322
14548998
14574045
14617181
14635391
14663859
14691808
14742501
14772208
14831606
14880450
14897366
14946886
14972199
14977730
14978052
14989396
15032063
14148422
14231688
14387385
14477776
14503001
14618608
14635136
14674274
14718231
14736219
14738786
14784630
14790103
14796195
15106484
15111073
15113272
15121071
15124858
14115950
14147564
14204437
14218159
14390577
14424608
14511655
14516635
14528381
14571327
14603319
14744197
14935866
15026302
15041760
15051201
15052317
14119241
14156132
14186955
14273153
14288856
14426338
14445745
14474294
14500095
14555313
14642978
14650787
14743199
14958643
15029634
14112166
14241836
14331063
14400946
14403669
14514589
14668272
14817242
14903539
14917375
14984664
14989372
15004674
15024933
15036233
15056830
15137308
14111607
14242719
14256013
14328012
14410190
14410520
14459210
14739550
14973380
14102083
14105575
14163687
14260134
14444717
14464770
14464987
14579426
14584018
14615872
14792478
14860087
14926402
14938344
15027323
15076820
15099530
14102955
14242899
14436453
14650455
14651138
14859355
14979530
15015675
15020152
14109079
14146182
14274259
14325481
14383437
14458450
14759253
14771328
14778570
14862770
14898768
14979342
14996663
15025092
15039519
15044027
15092137
15132174
14149733
14165325
14248766
14279866
14293263
14319232
14326653
14356148
14368339
14412533
14464226
14630539
14708386
14712932
14768171
14860960
14883613
14896152
14957964
14349011
14501233
14684733
14691926
14743516
14762162
14840247
15083318
14115980
14138556
14228912
14321175
14488509
14529720
14558931
14577663
14736328
15024235
14402068
14870596
15008126
15075890
15143735
14549916
14606293
14659554
14676407
14780006
15130764
14520814
14592213
14700577
15045640
15120745
15141011
14268981
14333449
14367629
14446048
14666170
15117403
14119983
14196987
14515626
14520830
14588727
14806709
14866362
15046764
15101139
14530058
14927630
14974033
15134927
14112839
14154127
14385233
14442162
14596690
14640907
14825039
14914728
15027255
14124328
15038324
14220726
14813882
14876447
14948697
14423449
14119062
14559749
14658469
14796921
14907104
14942733
14952348
14460026
14575457
14295099
14624365
14626475
15056372
14462371
14470111
14145235
14358670
14398747
14478968
14858036
14830313
14098032
14581865
14804945
14944419
14655913
15076463
15093376
14538899
14763079
14960419
14112515
14781993
14861720
14225957
14413169
14164386
14845937
14366001
14944458
14319732
14782901
14818348
14845690
14134558
14165517
14423980
14531235
14870819
14169661
14686332
14722873
14832151
14433070
14437745
14451325
14357705
14414582
14489880
14292698
14525982
14297735
14601016
14235677
14292863
14341865
14694852
15105556
14127381
14184059
14203298
14251624
15130309
14319787
14371335
14905643
14677993
15146052
15052984
15078935
15111420
14980717
14524751
14544991
14984984
14788345
14515994
14903145
14316487
14925073
14136721
14187963
14978699
14231037
14541975
14846920
14295469
14376807
14526260
14580120
14534767
14602062
14579124
14809293
15054086
14491966
14970516
14791843
